"Time_Iter","Outer_Iter","Inner_Iter",    "bgs[P][0]"   ,    "bgs[U][0]"   ,    "bgs[V][0]"   ,   "RefForce[0]"  ,      "CD[0]"     ,      "CL[0]"     ,     "CSF[0]"     ,     "CMx[0]"     ,     "CMy[0]"     ,     "CMz[0]"     ,     "CFx[0]"     ,     "CFy[0]"     ,     "CFz[0]"     ,     "CEff[0]"    ,  "bgs[DispX][1]" ,  "bgs[DispY][1]" ,  "bgs[DispZ][1]" 
          0,           0,           0,     0.06073480361,     -0.1299893328,     -0.9005656765,             0.005,       3.174398601,      0.4407400531,                 0,                 0,                 0,      -1.826207333,       3.174398601,      0.4407400531,                 0,      0.1388420638,      -2.761157916,      -3.480465946,                 0
          0,           1,           0,      -1.035204023,      -1.314090711,      -1.582358307,             0.005,       2.809793915,     -0.3833910541,                 0,                 0,                 0,      -1.493060213,       2.809793915,     -0.3833910541,                 0,     -0.1364481047,      -3.857876323,      -4.288454743,                 0
          0,           2,           0,      -1.988192931,      -2.284670328,      -2.565675443,             0.005,       2.866833933,     -0.3276672623,                 0,                 0,                 0,       -1.53104635,       2.866833933,     -0.3276672623,                 0,     -0.1142958644,      -4.541795529,      -4.986866259,                 0
          0,           3,           0,       -2.68790757,      -2.981473898,      -3.264834448,             0.005,       2.855453209,     -0.3393967034,                 0,                 0,                 0,      -1.523372436,       2.855453209,     -0.3393967034,                 0,     -0.1188591367,      -5.252244487,      -5.694148738,                 0
          0,           4,           0,      -3.397079197,      -3.691088239,      -3.973973279,             0.005,        2.85768281,     -0.3371218205,                 0,                 0,                 0,      -1.524871638,        2.85768281,     -0.3371218205,                 0,     -0.1179703428,      -5.958611477,      -6.401165353,                 0
          0,           5,           0,      -4.104088193,      -4.399359572,      -4.681226276,             0.005,       2.857245012,      -0.337569456,                 0,                 0,                 0,      -1.524577107,       2.857245012,      -0.337569456,                 0,     -0.1181450854,      -6.665907953,      -7.108336595,                 0
          0,           6,           0,      -4.812316511,      -5.114751823,      -5.389722879,             0.005,       2.857330919,     -0.3374816443,                 0,                 0,                 0,      -1.524634892,       2.857330919,     -0.3374816443,                 0,     -0.1181108012,      -7.373150838,      -7.815607874,                 0
          0,           7,           0,       -5.52207156,       -5.81452104,      -6.094607657,             0.005,       2.857314089,     -0.3374988789,                 0,                 0,                 0,      -1.524623579,       2.857314089,     -0.3374988789,                 0,     -0.1181175287,        -8.0819005,      -8.524395061,                 0
          0,           8,           0,      -6.187661393,      -6.316589939,      -6.646860945,             0.005,       2.857317368,     -0.3374955139,                 0,                 0,                 0,      -1.524625778,       2.857317368,     -0.3374955139,                 0,     -0.1181162155,      -8.794801996,      -9.237432117,                 0
          0,           9,           0,       -6.74123176,      -6.817929783,      -7.072532541,             0.005,        2.85731674,     -0.3374961617,                 0,                 0,                 0,      -1.524625359,        2.85731674,     -0.3374961617,                 0,     -0.1181164681,       -9.51872319,      -9.961682969,                 0
          0,          10,           0,      -7.285914208,      -7.473560344,      -7.674186517,             0.005,       2.857316842,     -0.3374960408,                 0,                 0,                 0,      -1.524625422,       2.857316842,     -0.3374960408,                 0,     -0.1181164216,      -10.40535258,      -10.85422294,                 0
          0,          11,           0,      -7.783498949,       -8.10412017,      -8.235429954,             0.005,       2.857316837,     -0.3374960567,                 0,                 0,                 0,      -1.524625422,       2.857316837,     -0.3374960567,                 0,     -0.1181164274,      -11.37726168,       -11.7860005,                 0
          0,          12,           0,      -8.689737203,       -9.22167193,      -9.240410565,             0.005,       2.857316838,     -0.3374960588,                 0,                 0,                 0,      -1.524625423,       2.857316838,     -0.3374960588,                 0,     -0.1181164281,      -11.87269139,      -12.30213234,                 0
          0,          13,           0,      -9.212404182,      -9.753428286,      -9.761038041,             0.005,       2.857316838,     -0.3374960594,                 0,                 0,                 0,      -1.524625423,       2.857316838,     -0.3374960594,                 0,     -0.1181164283,      -12.47239802,      -12.89905012,                 0
          0,          14,           0,      -9.808736765,      -10.34523426,       -10.3551074,             0.005,       2.857316838,     -0.3374960596,                 0,                 0,                 0,      -1.524625423,       2.857316838,     -0.3374960596,                 0,     -0.1181164284,      -13.00727359,       -13.4373682,                 0
          0,          15,           0,       -10.3441614,      -10.89042109,      -10.89724228,             0.005,       2.857316838,     -0.3374960596,                 0,                 0,                 0,      -1.524625423,       2.857316838,     -0.3374960596,                 0,     -0.1181164284,       -13.6115133,      -14.03929104,                 0
